Calculated C-parameters from ground state wavefunction of hydrogen with four gassians as a basis, each on the form: C * exp( - alpha * r^2 )
alpha[0]: 0.297104
alpha[1]: 1.236745
alpha[2]: 5.749982
alpha[3]: 38.216677
C[0]: -0.14687612502468075
C[1]: -0.3931520709722408
C[2]: -0.4111977634839239
C[3]: -0.26200681062453335
Number of points in discretized radial coordinate: 1000