Temperature,Reaction rate Au [mol / (m2 s)],Reaction rate Pt [mol / (m2 s)],Reaction rate Rh [mol / (m2 s)],Fractional coverage, CO on Au,Fractional coverage, CO on Pt,Fractional coverage, CO on Rh,Fractional coverage, O on Au,Fractional coverage, O on Pt,Fractional coverage, O on Rh
100.0,4.536709781966098e-34,2.0339145774506305e-54,2.100704552502831e-70,2.386414043168146e-09,0.9999999999997308,2.8054849928820594e-16,9.67163536841768e-25,2.6917200593106614e-13,0.9999999999999997
101.0,6.516864282774331e-34,9.82365821500136e-54,1.0149619702001981e-69,1.9986947126926453e-09,0.9999999999995698,3.332564572876048e-16,1.3807293364429508e-24,4.3022390371138234e-13,0.9999999999999998
102.0,9.29032168194899e-34,4.601261894164709e-53,4.753870677571139e-69,1.6792268430698012e-09,0.9999999999993187,3.944657792079534e-16,1.9570948172545528e-24,6.814586843730234e-13,0.9999999999999997
103.0,1.3146666641465848e-33,2.091854967996837e-52,2.1604852418341547e-68,1.4151297604208379e-09,0.99999999999893,4.653136541617188e-16,2.7548694297947007e-24,1.0699865554017115e-12,0.9999999999999994
104.0,1.847089642596161e-33,9.238680174765441e-52,9.535423576118282e-68,1.1961078788986774e-09,0.999999999998334,5.47055973014851e-16,3.8517993268453774e-24,1.665789061225576e-12,0.9999999999999994
105.0,2.5771439368491094e-33,3.967077501670366e-51,4.0905093465741426e-67,1.0139025193922804e-09,0.9999999999974281,6.410757580543367e-16,5.3503729515630234e-24,2.5719915742272654e-12,0.9999999999999993
106.0,3.571537730742368e-33,1.657520665156784e-50,1.7069221902614573e-66,8.61865909162112e-10,0.9999999999960607,7.488918154763559e-16,7.384877993535387e-24,3.939380541952054e-12,0.9999999999999991
107.0,4.917245064649017e-33,6.743835495800547e-50,6.93403631179656e-66,7.346288644516012e-10,0.9999999999940131,8.721675877343583e-16,1.0130234793413996e-23,5.9867680417956976e-12,0.9999999999999991
108.0,6.726970630986679e-33,2.673835440836563e-49,2.744221549954269e-65,6.278405883523424e-10,0.9999999999909707,1.0127201811768385e-15,1.3812992154501083e-23,9.029354090447218e-12,0.9999999999999989
109.0,9.145896764360775e-33,1.0338327518176402e-48,1.0588284356899833e-64,5.379641948644418e-10,0.9999999999864821,1.172529542942293e-15,1.8724941351617105e-23,1.3517952698621611e-11,0.9999999999999988
110.0,1.235996638894089e-32,3.9007742452874397e-48,3.985719231190743e-64,4.6211545602326183e-10,0.9999999999799071,1.3537477597763603e-15,2.52398838022433e-23,2.0092876015332602e-11,0.9999999999999986
111.0,1.6605995770380078e-32,1.437217803201661e-47,1.464714339643913e-63,3.97935196716989e-10,0.9999999999703424,1.5587084502969001e-15,3.383417829537267e-23,2.9657467686054995e-11,0.9999999999999984
112.0,2.218395545764211e-32,5.174182096305592e-47,5.258287786370583e-63,3.434879764089444e-10,0.9999999999565222,1.7899362212678335e-15,4.5111795789216577e-23,4.347780982003519e-11,0.9999999999999982
113.0,2.947180698985328e-32,1.8212707869129088e-46,1.8452324961910858e-62,2.971813786040295e-10,0.999999999936683,2.05015615765002e-15,5.983472452653237e-23,6.331708052203618e-11,0.999999999999998
114.0,3.8943336949348274e-32,6.271595412516863e-46,6.333354712065792e-62,2.577015106456016e-10,0.9999999999083845,2.342303315585847e-15,7.895969650971493e-23,9.161551092594809e-11,0.9999999999999977
115.0,5.118948888904411e-32,2.1139773148593895e-45,2.1273751403389234e-61,2.2396129698719988e-10,0.9999999998682699,2.669532187038098e-15,1.0368234914675916e-22,1.3173000247995233e-10,0.9999999999999973
116.0,6.694375762902748e-32,6.978802687007553e-45,6.997208071319097e-61,1.9505890192667336e-10,0.9999999998117486,3.0352261045466694e-15,1.3549009401823786e-22,1.8825136086268388e-10,0.999999999999997
117.0,8.711227943099688e-32,2.257621726536476e-44,2.2548129278566246e-60,1.7024419783249947e-10,0.999999999732578,3.4430065544861397e-15,1.7622513908099909e-22,2.674219536133399e-10,0.9999999999999966
118.0,1.1280932559054483e-31,7.160355888188236e-44,7.122424946962978e-60,1.4889164333081836e-10,0.9999999996223173,3.8967423672927444e-15,2.281593020225119e-22,3.7768260695760513e-10,0.999999999999996
119.0,1.4539898594508725e-31,2.2276513931401432e-43,2.206459079432442e-59,1.3047828377895931e-10,0.999999999469615,4.400558753390241e-15,2.94082461653075e-22,5.303849619115902e-10,0.9999999999999956
120.0,1.8654391252277128e-31,6.801392778917648e-43,6.706967310643602e-59,1.1456585707126704e-10,0.9999999992592854,4.958846153953988e-15,3.7740672183725804e-22,7.407145898952964e-10,0.999999999999995
121.0,2.382620818291783e-31,2.0388647316216557e-42,2.001352085052179e-58,1.0078619918607183e-10,0.9999999989711186,5.57626887622919e-15,4.822886090972081e-22,1.0288812493811713e-09,0.9999999999999944
122.0,3.0299262678628804e-31,6.003634041243116e-42,5.865239689992e-58,8.882930942004462e-11,0.9999999985783539,6.257773483823889e-15,6.1377189114209585e-22,1.4216461252431034e-09,0.9999999999999938
123.0,3.8367188573131017e-31,1.7372575805924628e-41,1.6889022226997628e-57,7.843356530056822e-11,0.9999999980457278,7.008596913260487e-15,7.779538895489978e-22,1.95427216758484e-09,0.9999999999999929
124.0,4.838209157061942e-31,4.942211217879859e-41,4.780409029196843e-57,6.937767963431099e-11,0.9999999973269966,7.834274289034895e-15,9.821784658724501e-22,2.673003238225597e-09,0.9999999999999922
125.0,6.076458200032533e-31,1.3828099720654344e-40,1.3305978348777383e-56,6.14740731254556e-11,0.9999999963617988,8.740646410539377e-15,1.2352591866873997e-21,3.6382012544244275e-09,0.9999999999999912
126.0,7.601523449866316e-31,3.8067927613517275e-40,3.6435393516024337e-56,5.45634001714665e-11,0.9999999950717015,9.733866885399328e-15,1.5477365194195592e-21,4.928298544572732e-09,0.9999999999999902
127.0,9.47276307921841e-31,1.0315196913890487e-39,9.818908910009265e-56,4.851001644651858e-11,0.999999993355244,1.0820408885078662e-14,1.9321732770782318e-21,6.644755941296904e-09,0.9999999999999892
128.0,1.1760315251876592e-30,2.7521887129080496e-39,2.605128000299796e-55,4.3198217527765137e-11,0.9999999910817435,1.200707149999196e-14,2.4034929158049675e-21,8.91825657197327e-09,0.9999999999999879
129.0,1.454677018025961e-30,7.23297818080391e-39,6.807362331606e-55,3.8529110297911073e-11,0.9999999880835881,1.3300985672821957e-14,2.9793656939423233e-21,1.1916411808573765e-08,0.9999999999999867
130.0,1.7929053800572527e-30,1.8730330050673466e-38,1.7525308192764244e-54,3.441800487838167e-11,0.9999999841466894,1.470961969026751e-14,3.680648124388513e-21,1.585331046578157e-08,0.9999999999999852
131.0,2.2020542962551577e-30,4.780898220970629e-38,4.4466998005204273e-54,3.079223574838502e-11,0.9999999789986936,1.6240784215024616e-14,4.531881592438695e-21,2.100130626973073e-08,0.9999999999999838
132.0,2.6953433059901033e-30,1.203237584323938e-37,1.1123441129460497e-53,2.7589337536193353e-11,0.9999999722944867,1.7902636841431634e-14,5.561856468040737e-21,2.7705513173760074e-08,0.999999999999982
133.0,3.2881380021428575e-30,2.986818731412541e-37,2.744158766454472e-53,2.4755514556074127e-11,0.9999999635984352,1.9703686159853306e-14,6.80424851315214e-21,3.640156472903816e-08,0.9999999999999802
134.0,3.998243953150531e-30,7.3150211458225155e-37,6.6785684803935815e-53,2.2244354159320503e-11,0.9999999523627059,2.1652795316576605e-14,8.298334870240813e-21,4.7637294035739675e-08,0.9999999999999782
135.0,4.846232724155428e-30,1.7680773005761856e-36,1.6039578232864291e-52,2.0015742886434064e-11,0.9999999379008934,2.375918505766815e-14,1.0089797415304675e-20,6.209910657526055e-08,0.9999999999999762
136.0,5.855802456157163e-30,4.218827269346958e-36,3.8024663986530325e-52,1.8034951658684584e-11,0.9999999193560486,2.6032436246957318e-14,1.2231621766321903e-20,8.064395139764146e-08,0.999999999999974
137.0,7.054175537182354e-30,9.940524339893861e-36,8.900705842497452e-52,1.6271862156228786e-11,0.9999998956620513,2.8482491849994894e-14,1.4785100753824818e-20,1.0433794883297683e-07,0.9999999999999716
138.0,8.472535965979615e-30,2.3135163594427268e-35,2.0577389840908687e-51,1.4700311355963066e-11,0.9999998654970926,3.111965837752041e-14,1.7820951682230617e-20,1.3450290742288978e-07,0.9999999999999689
139.0,1.0146509065614339e-29,5.319819039112185e-35,4.6998022558270073e-51,1.3297535152439069e-11,0.9999998272278384,3.3954606783655023e-14,2.1420557236404038e-20,1.7277216163713218e-07,0.999999999999966
140.0,1.2116686250622251e-29,1.2089104360447065e-34,1.06073206975511e-50,1.2043695225416515e-11,0.999999778842612,3.699837281564319e-14,2.567734041530137e-20,2.2115738786651333e-07,0.999999999999963
141.0,1.4429197586157723e-29,2.715646168398745e-34,2.3663487922477354e-50,1.092147598116562e-11,0.9999997178716877,4.0262356813616214e-14,3.069828440095051e-20,2.8212831209461423e-07,0.9999999999999598
142.0,1.713633489997442e-29,6.031700586280966e-34,5.219222220214744e-50,9.915740588646702e-12,0.9999996412924884,4.3758322960363715e-14,3.660560879385297e-20,3.587075116951133e-07,0.9999999999999561
143.0,2.029722821729168e-29,1.3249414652479313e-33,1.13838932843331e-49,9.013236942634844e-12,0.9999995454171607,4.749839798268905e-14,4.3538614162462874e-20,4.545828393524794e-07,0.9999999999999525
144.0,2.397857828388535e-29,2.879014635054375e-33,2.4560373975857977e-49,8.202345883593296e-12,0.9999994257596372,5.149506930733037e-14,5.16557073619239e-20,5.742403627644241e-07,0.9999999999999485
145.0,2.825544792344551e-29,6.189826855975776e-33,5.2424778885487914e-49,7.472865245234558e-12,0.9999992768788766,5.576118267590198e-14,6.11366205729098e-20,7.231211233915294e-07,0.9999999999999443
146.0,3.321211494075565e-29,1.317028281933613e-32,1.107366431954869e-48,6.815824331174552e-12,0.9999990921945248,6.030993922464609e-14,7.218483749233843e-20,9.078054751463772e-07,0.9999999999999397
147.0,3.8942989232130746e-29,2.7738669568420733e-32,2.315219934605682e-48,6.223324279275443e-12,0.9999988637707261,6.515489203610827e-14,8.503024057104226e-20,1.1362292738684216e-06,0.9999999999999348
148.0,4.555359669833894e-29,5.784150035719417e-32,4.792143587049408e-48,5.6884004866321815e-12,0.9999985820632448,7.030994217105868e-14,9.993199363623211e-20,1.4179367552577797e-06,0.9999999999999297
149.0,5.316163247271392e-29,1.1943838951612849e-31,9.821823993563504e-48,5.204903864582454e-12,0.9999982356244325,7.578933419019924e-14,1.1718167465598863e-19,1.7643755674163006e-06,0.9999999999999242
150.0,6.189808587806575e-29,2.442775434844329e-31,1.993723653459127e-47,4.767398191966085e-12,0.9999978107598808,8.160765117625676e-14,1.3710667379608635e-19,2.189240119272016e-06,0.9999999999999184
151.0,7.19084394103323e-29,4.949266845864426e-31,4.008960003039528e-47,4.371071252829921e-12,0.9999972911298267,8.777980926812407e-14,1.6007387228354557e-19,2.708870173164988e-06,0.9999999999999122
152.0,8.335394391458132e-29,9.935649224998195e-31,7.98681625199208e-47,4.0116577955827116e-12,0.9999966572875457,9.432105171969982e-14,1.864936179234849e-19,3.342712454184203e-06,0.9999999999999056
153.0,9.641297197029818e-29,1.976641541394293e-30,1.5767760052648991e-46,3.685372645547485e-12,0.9999958861460239,1.0124694249691414e-13,2.1682401341372906e-19,4.113853976088898e-06,0.9999999999998989
154.0,1.1128245133785943e-28,3.897732883424217e-30,3.0853023182056886e-46,3.3888525512421602e-12,0.9999949503632005,1.0857335942730858e-13,2.5157553386232553e-19,5.049636799633596e-06,0.9999999999998914
155.0,1.2817938013738074e-28,7.619438108121579e-30,5.984556124307103e-46,3.119105554241868e-12,0.9999938176349502,1.1631648691727708e-13,2.9131599013459525e-19,6.182365049800195e-06,0.9999999999998836
156.0,1.4734242523485274e-28,1.4768380082410562e-29,1.1509217905305565e-45,2.8734668494978243e-12,0.99999244988377,1.2449280825273754e-13,3.3667585483589216e-19,7.550116229917036e-06,0.9999999999998755
157.0,1.6903360509949791e-28,2.838652933110839e-29,2.1948791771785155e-45,2.6495602527913432e-12,0.999990802329811,1.3311909749966088e-13,3.8835396787205215e-19,9.197670189088831e-06,0.9999999999998669
158.0,1.9354005817109882e-28,5.411653011818155e-29,4.1514120481000235e-45,2.445264518967233e-12,0.999988822429469,1.4221241102139424e-13,4.471236386194297e-19,1.1177570531023544e-05,0.9999999999998578
159.0,2.2117589753741972e-28,1.0234172948087426e-28,7.788775951872908e-45,2.2586838623670764e-12,0.9999864486651964,1.517900786301842e-13,5.138391617785567e-19,1.3551334803449336e-05,0.9999999999998482
160.0,2.5228415247073387e-28,1.9201979338724972e-28,1.4497621661674016e-44,2.0881221225068334e-12,0.9999836091685158,1.6186969439080764e-13,5.894427639783653e-19,1.6390831484062057e-05,0.9999999999998382
161.0,2.8723879710967107e-28,3.574977580945856e-28,2.6775826426402387e-44,1.932060096051968e-12,0.9999802201564127,1.724691070944166e-13,6.749719981400297e-19,1.9779843587386785e-05,0.9999999999998276
162.0,3.2644686629926853e-28,6.605364448394187e-28,4.907613766000222e-44,1.7891356226569749e-12,0.9999761841593369,1.8360641042114546e-13,7.715676024995714e-19,2.3815840662908502e-05,0.9999999999998164
163.0,3.703506583190856e-28,1.2113702588606393e-27,8.92771859660163e-44,1.6581260690293319e-12,0.9999713880169561,1.9529993281013955e-13,8.804818410253103e-19,2.8611983043835368e-05,0.9999999999998047
164.0,4.194300239381198e-28,2.205325605941166e-27,1.6121780095040334e-43,1.5379329041412546e-12,0.999965700615557,2.0756822705588583e-13,1.0030873417496094e-18,3.429938444298585e-05,0.9999999999997924
165.0,4.742047409365781e-28,3.986041408293997e-27,2.890321705299869e-43,1.4275681000945783e-12,0.999958970338618,2.204300596498645e-13,1.140886449262782e-18,4.1029661381931484e-05,0.9999999999997795
166.0,5.352369729303299e-28,7.15385836106906e-27,5.145137283505194e-43,1.3261421287987497e-12,0.9999510221995146,2.339043998865038e-13,1.2955211072911726e-18,4.897780048540431e-05,0.9999999999997661
167.0,6.031338110245806e-28,1.2750379665141139e-26,9.095380599704757e-43,1.2328533552342932e-12,0.9999416546226224,2.4801040875251e-13,1.4687832868998331e-18,5.8345377377592295e-05,0.999999999999752
168.0,6.785498965111003e-28,2.2570626506001843e-26,1.5968794231495905e-42,1.1469786543925424e-12,0.9999306358362182,2.62767427618631e-13,1.6626259754245226e-18,6.936416378174174e-05,0.9999999999997373
169.0,7.621901225087713e-28,3.9687523614574755e-26,2.7848617248156947e-42,1.0678651016389776e-12,0.9999176998375512,2.7819496675267577e-13,1.8791747407464586e-18,8.230016244900638e-05,0.9999999999997219
170.0,8.548124121321991e-28,6.932744330812472e-26,4.824664182885851e-42,9.949226057760997e-13,0.9999025418872756,2.9431269367264077e-13,2.1207398849786962e-18,9.745811272444434e-05,0.9999999999997057
171.0,9.572305704588695e-28,1.20322497570072e-25,8.304489753265628e-42,9.27617370936511e-13,0.9998848134871077,3.1114042135858516e-13,2.3898292010342482e-18,0.00011518651289254139,0.9999999999996889
172.0,1.0703172072528023e-27,2.075044587544277e-25,1.420334116670149e-41,8.654660880010716e-13,0.9998641167910763,3.2869809634151653e-13,2.6891613448950446e-18,0.0001358832089237342,0.9999999999996714
173.0,1.1950067270942583e-27,3.556266222117655e-25,2.4140593145135933e-41,8.080307688380643e-13,0.9998399983971447,3.470057866876372e-13,3.0216798356990794e-18,0.0001600016028551893,0.9999999999996529
174.0,1.3322983832602233e-27,6.057500801016685e-25,4.0778594054926374e-41,7.549141475746355e-13,0.9998119424622324,3.6608366989567846e-13,3.390567695009596e-18,0.0001880575377675976,0.9999999999996338
175.0,1.4832593914031968e-27,1.0255813202192024e-24,6.846828005138312e-41,7.05755582578442e-13,0.9997793630798574,3.859520207249136e-13,3.799262735830823e-18,0.0002206369201426079,0.9999999999996141
176.0,1.649028098784024e-27,1.7261083429980436e-24,1.1427845625391214e-40,6.602274010471481e-13,0.9997415958557252,4.066311989710904e-13,4.2514735110850425e-18,0.00025840414427466047,0.9999999999995934
177.0,1.830817204533369e-27,2.8882193292793763e-24,1.8962735595100727e-40,6.180316352486588e-13,0.9996978886126706,4.281416372071647e-13,4.7511959303756744e-18,0.0003021113873294034,0.9999999999995719
178.0,2.0299170261428764e-27,4.805053610494544e-24,3.1285435509144734e-40,5.788971056735688e-13,0.9996473911524574,4.50503828505136e-13,5.302730552923133e-18,0.0003526088475425685,0.9999999999995495
179.0,2.2476988071263318e-27,7.949009024550757e-24,5.1325118839026524e-40,5.42576811779097e-13,0.9995891439981198,4.737383141553034e-13,5.910700563586064e-18,0.00041085600188018456,0.9999999999995263
180.0,2.485618060540717e-27,1.3077181033171108e-23,8.373466438763118e-40,5.088455957293922e-13,0.9995220660368375,4.978656713982732e-13,6.580070437865146e-18,0.00047793396316244443,0.9999999999995021
181.0,2.7452179428207064e-27,2.1396383264040284e-23,1.3586521376353033e-39,4.774980486634701e-13,0.9994449409798991,5.229065011850319e-13,7.316165300736755e-18,0.000555059020100918,0.9999999999994771
182.0,3.028132652157392e-27,3.482004905878003e-23,2.1926947064347147e-39,4.483466326288181e-13,0.9993564025531929,5.488814159797907e-13,8.124690983080803e-18,0.0006435974468071006,0.9999999999994511
183.0,3.336090845443438e-27,5.636608394658728e-23,3.520086433107269e-39,4.212199944748634e-13,0.9992549183290309,5.75811027619782e-13,9.011754778352945e-18,0.0007450816709689512,0.9999999999994242
184.0,3.6709190676150275e-27,9.076983228850484e-23,5.6217468704397124e-39,3.9596145076524025e-13,0.9991387721080925,6.03715935245682e-13,9.983886901009455e-18,0.000861227891907438,0.9999999999993963
185.0,4.0345451870446645e-27,1.4542367612694906e-22,8.932412404519108e-39,3.7242762519187294e-13,0.9990060447590683,6.326167133160079e-13,1.1048062647028487e-17,0.0009939552409316441,0.9999999999993675
186.0,4.429001830479131e-27,2.318101102846985e-22,1.4121528064971863e-38,3.504872221018565e-13,0.9988545934234121,6.625338997181938e-13,1.2211725255680633e-17,0.0011454065765877392,0.9999999999993374
187.0,4.856429810876777e-27,3.67676669789931e-22,2.221494425474209e-38,3.3001992161766413e-13,0.9986820289937157,6.934879839884055e-13,1.3482809470498777e-17,0.0013179710062844198,0.9999999999993066
188.0,5.319081541372741e-27,5.803206389623729e-22,3.4777133139017743e-38,3.109153834755118e-13,0.9984856917769322,7.254993956520154e-13,1.4869765796170137e-17,0.001514308223067881,0.9999999999992745
189.0,5.819324428498422e-27,9.115259108423989e-22,5.418274750899737e-38,2.93072348154363e-13,0.9982626252583457,7.585884926958061e-13,1.638158544684355e-17,0.0017373747416542839,0.9999999999992414
190.0,6.359644237692047e-27,1.4249476393597945e-21,8.40194692061414e-38,2.763978251435485e-13,0.9980095478892106,7.927755501825043e-13,1.802782598009541e-17,0.0019904521107893636,0.9999999999992073
191.0,6.942648424073388e-27,2.217106265091543e-21,1.2968292136735137e-37,2.608063593222448e-13,0.9977228228308916,8.280807490178499e-13,1.9818637609550972e-17,0.002277177169108502,0.999999999999172
192.0,7.571069421405596e-27,3.4336786392988414e-21,1.992513086064052e-37,2.462193674173089e-13,0.9973984256016365,8.645241648799267e-13,2.1764790187901455e-17,0.002601574398363366,0.9999999999991356
193.0,8.247767882139368e-27,5.293526775178518e-21,3.0476568909781196e-37,2.3256453738380174e-13,0.9970319095894767,9.021257573195758e-13,2.3877700850804455e-17,0.002968090410523337,0.9999999999990978
194.0,8.975735861425494e-27,8.123976618623519e-21,4.6409593257349375e-37,2.1977528432894055e-13,0.9966183694168633,9.409053590406324e-13,2.6169462310902485e-17,0.003381630583136669,0.999999999999059
195.0,9.758099937993252e-27,1.2412377927212979e-20,7.036487782850867e-37,2.0779025728755074e-13,0.9961524021703657,9.80882665368375e-13,2.8652871789952796e-17,0.0038475978296341634,0.9999999999990191
196.0,1.0598124264818685e-26,1.8881117591469758e-20,1.0622816446649519e-36,1.9655289176606527e-13,0.9956280665429208,1.0220772239129625e-12,3.1341460575822815e-17,0.004371933457079111,0.9999999999989778
197.0,1.1499213542558642e-26,2.8596262805154425e-20,1.5969358354781666e-36,1.8601100351231965e-13,0.9950388399777849,1.0645084244359165e-12,3.424952418988123e-17,0.004961160022214904,0.9999999999989355
198.0,1.2464915908791689e-26,4.3124204044405465e-20,2.390711748331781e-36,1.7611641944768188e-13,0.9943775739535367,1.1081954889253801e-12,3.7392153149111826e-17,0.005622426046463214,0.9999999999988918
199.0,1.349892573619216e-26,6.475649226078199e-20,3.564398664376853e-36,1.668246421240208e-13,0.9936364476093842,1.1531574618868286e-12,4.0785264306077964e-17,0.006363552390615878,0.9999999999988469
200.0,1.4605086332869978e-26,9.683111280766912e-20,5.292872541101709e-36,1.5809454444664487e-13,0.9928069199808657,1.1994132008546941e-12,4.44456327487025e-17,0.00719308001913407,0.9999999999988005
201.0,1.5787392538226382e-26,1.441895012901881e-19,7.828327234150522e-36,1.498880917412882e-13,0.9918796811990235,1.2469813671297248e-12,4.839092424067729e-17,0.008120318800976608,0.999999999998753
202.0,1.704999320781658e-26,2.1382373180030718e-19,1.1533061907172343e-35,1.4217008854331877e-13,0.990844603102527,1.2958804167476732e-12,5.2639728182192234e-17,0.009155396897473035,0.9999999999987041
203.0,1.8397193580864896e-26,3.1578887476293957e-19,1.6925582610938394e-35,1.3490794775478683e-13,0.9896906898232098,1.3461285916823749e-12,5.721159106959321e-17,0.01030931017679005,0.9999999999986539
204.0,1.983345752424715e-26,4.644833303226589e-19,2.474518597366798e-35,1.2807148005354522e-13,0.9884060290320567,1.3977439112881967e-12,6.2127050431495e-17,0.011593970967943484,0.9999999999986022
205.0,2.1363409646942304e-26,6.804373257615161e-19,3.6042106457277873e-35,1.2163270165162212e-13,0.9869777446756831,1.450744163984461e-12,6.740766921786853e-17,0.013022255324316886,0.9999999999985492
206.0,2.2991837279155854e-26,9.92799715984114e-19,5.230289643262195e-35,1.155656586903504e-13,0.9853919521932171,1.5051468991853496e-12,7.30760706176095e-17,0.01460804780678304,0.9999999999984948
207.0,2.472369231053059e-26,1.442779553063855e-18,7.562419593300351e-35,1.0984626672986542e-13,0.983633717380127,1.5609694194775932e-12,7.915597327914805e-17,0.016366282619872944,0.999999999998439
208.0,2.656409288208929e-26,2.0883863890247604e-18,1.0895273325082722e-34,1.0445216394284439e-13,0.9816870202582785,1.6182287730481712e-12,8.567222690773685e-17,0.018312979741721573,0.9999999999983817
209.0,2.8518324926790923e-26,3.010927914454113e-18,1.5641566809909093e-34,9.936257675865803e-14,0.979534725518602,1.676941746364208e-12,9.265084821217436e-17,0.02046527448139785,0.999999999998323
210.0,3.059184355384009e-26,4.323872652471052e-18,2.23773755331949e-34,9.455819682629466e-14,0.9771585613214971,1.7371248571060804e-12,1.0011905717289497e-16,0.0228414386785029,0.999999999998263
211.0,3.2790274272137764e-26,6.184877918371849e-18,3.1904093335611304e-34,9.002106827393008e-14,0.9745391084662037,1.7987943473550429e-12,1.0810531360254905e-16,0.025460891533796094,0.9999999999982012
212.0,3.511941404854889e-26,8.812029730659883e-18,4.5332869042670295e-34,8.573448434138135e-14,0.9716558021679697,1.8619661770364147e-12,1.1663935396946239e-16,0.028344197832030488,0.9999999999981382
213.0,3.758523219693345e-26,1.2505654241651118e-17,6.41993052055171e-34,8.168289254992975e-14,0.9684869489028507,1.9266560176182337e-12,1.2575222845366538e-16,0.031513051097149185,0.9999999999980734
214.0,4.019387109417373e-26,1.7677453769567363e-17,9.061877076870931e-34,7.785180765338003e-14,0.9650097609842491,1.9928792460661777e-12,1.3547633820451205e-16,0.03499023901575095,0.999999999998007
215.0,4.2951646719738164e-26,2.4889210509803908e-17,1.2749605137767818e-33,7.422773168557825e-14,0.961200411709781,2.0606509390540687e-12,1.458454727683278e-16,0.03879958829021896,0.9999999999979394
216.0,4.586504901560945e-26,3.4903904545066914e-17,1.7880747600220802e-33,7.079808048382588e-14,0.9570341140462996,2.1299858674296926e-12,1.5689484765395342e-16,0.04296588595370042,0.9999999999978699
217.0,4.8940742063727224e-26,4.875282740157092e-17,2.4997942206063864e-33,6.755111612548822e-14,0.9524852258862732,2.200898490935417e-12,1.6866114200355396e-16,0.04751477411372686,0.9999999999977992
218.0,5.218556407839112e-26,6.782315496507563e-17,3.4839460314895406e-33,6.447588476718796e-14,0.9475273848892145,2.27340295318225e-12,1.8118253633560352e-16,0.05247261511078556,0.9999999999977267
219.0,5.560652721140508e-26,9.397148856209173e-17,4.84067279959085e-33,6.156215942301317e-14,0.9421336757939855,2.347513076876568e-12,1.9449875032656168e-16,0.05786632420601437,0.9999999999976524
220.0,5.921081716804098e-26,1.296700902542284e-16,6.705411356419749e-33,5.880038726055341e-14,0.9362768328264762,2.423242359297489e-12,2.086510805973821e-16,0.06372316717352375,0.9999999999975767
221.0,6.300579263224152e-26,1.781939300938721e-16,9.26079818545617e-33,5.618164103189554e-14,0.9299294794069356,2.500603968023512e-12,2.236824384707409e-16,0.0700705205930646,0.9999999999974994
222.0,6.699898449978834e-26,2.438582202066995e-16,1.275241083563407e-32,5.3697574291315145e-14,0.9230644067575162,2.5796107369067477e-12,2.396373876645553e-16,0.0769355932424837,0.9999999999974204
223.0,7.119809491849164e-26,3.3231780860932494e-16,1.7509523240181728e-32,5.1340380082674964e-14,0.9156548922020468,2.660275162291979e-12,2.5656218188723885e-16,0.08434510779795316,0.9999999999973397
224.0,7.561099613477327e-26,4.509416001355398e-16,2.397239668021275e-32,4.910275280786314e-14,0.9076750569209218,2.7426093994787266e-12,2.745048022999152e-16,0.09232494307907815,0.9999999999972574
225.0,8.024572914634405e-26,6.092769936909176e-16,3.27280670601032e-32,4.697785301321052e-14,0.8991002616671457,2.826625259423669e-12,2.9351499481081986e-16,0.10089973833285426,0.9999999999971734
226.0,8.511050216098803e-26,8.196210767925981e-16,4.455714804117793e-32,4.495927485405748e-14,0.889907537469913,2.9123342056807105e-12,3.1364430716694723e-16,0.11009246253008691,0.9999999999970878
227.0,9.021368886178418e-26,1.0977168715459619e-15,6.04948793587475e-32,4.304101601865678e-14,0.8800760466695613,2.999747351575947e-12,3.3494612580813165e-16,0.11992395333043855,0.9999999999970002
228.0,9.556382647940327e-26,1.4635941213772135e-15,8.191054877768335e-32,4.12174499116875e-14,0.86958756778116,3.088875457614212e-12,3.5747571244871874e-16,0.13041243221883994,0.9999999999969111
229.0,1.0116961367244093e-25,1.9425747578277404e-15,1.1061055228347615e-31,3.9483299914972594e-14,0.8584269957325359,3.179728929114727e-12,3.812902403521288e-16,0.14157300426746378,0.9999999999968203
230.0,1.0703990821703817e-25,2.5664630846395877e-15,1.4897178918736166e-31,3.7833615558700734e-14,0.8465828470480956,3.2723178140720187e-12,4.064488302637728e-16,0.15341715295190403,0.9999999999967276
231.0,1.1318372450732887e-25,3.374939648970483e-15,2.0011388953091174e-31,3.626375045074032e-14,0.8340477576557016,3.366651801238311e-12,4.330125859679425e-16,0.16595224234429773,0.9999999999966334
232.0,1.1961023086858722e-25,4.417175536432892e-15,2.681210299494144e-31,3.476934182462181e-14,0.820818959302743,3.4627402184258714e-12,4.610446294345953e-16,0.17918104069725624,0.9999999999965372
233.0,1.2632874668517736e-25,5.753680264745584e-15,3.583269207971382e-31,3.3346291578558126e-14,0.8068987192156922,3.5605920310226405e-12,4.906101355222132e-16,0.1931012807843066,0.9999999999964394
234.0,1.333487393457395e-25,7.458391463227503e-15,4.776800763416903e-31,3.19907486886341e-14,0.7922947267673093,3.660215840720257e-12,5.217763662032747e-16,0.2077052732326893,0.9999999999963397
235.0,1.406798210082686e-25,9.621008111565942e-15,6.35210875549008e-31,3.069909288906925e-14,0.777020410663964,3.7616198844488944e-12,5.54612704279208e-16,0.22297958933603404,0.9999999999962383
236.0,1.4833174518806564e-25,1.2349561394815594e-14,8.426273837972821e-31,2.9467919521383165e-14,0.7610951706519583,3.864812033516187e-12,5.891906865522299e-16,0.238904829348039,0.9999999999961351
237.0,1.563144031717229e-25,1.577320848105847e-14,1.1150736795714165e-30,2.829402546240759e-14,0.7445445090529976,3.969799792945214e-12,6.255840364217925e-16,0.25545549094699876,0.9999999999960302
238.0,1.6463782026062386e-25,2.004522516587838e-14,1.472092810749118e-30,2.7174396048514425e-14,0.7274000496169897,4.0765903010083605e-12,6.638686958739914e-16,0.27259995038300533,0.9999999999959234
239.0,1.733121518476169e-25,2.534616392170974e-14,1.9388468509851893e-30,2.6106192920180393e-14,0.7096994342090016,4.185190328952985e-12,7.041228568327376e-16,0.29030056579099184,0.9999999999958147
240.0,1.823476793307883e-25,3.188713512531928e-14,2.547659271248099e-30,2.5086742717192245e-14,0.6914860916453432,4.295606280914027e-12,7.464269918421503e-16,0.3085139083546481,0.9999999999957044
241.0,1.9175480586847776e-25,3.991316186634545e-14,3.3399605074350724e-30,2.411352656043687e-14,0.6728088774131087,4.40784419401049e-12,7.908638840502036e-16,0.32719112258688027,0.9999999999955921
242.0,2.015440519798231e-25,4.970655351741927e-14,4.3687368213216575e-30,2.318417026136976e-14,0.6537215878362403,4.521909738619989e-12,8.375186564642579e-16,0.3462784121637448,0.9999999999954781
243.0,2.1172605099545538e-25,6.159024084575001e-14,5.7016060746415716e-30,2.2296435204984107e-14,0.6342823572272362,4.637808218829762e-12,8.8647880044991595e-16,0.3657176427727446,0.9999999999953622
244.0,2.223115443629796e-25,7.593101637827467e-14,7.424672770829764e-30,2.144820985639787e-14,0.6145529513919219,4.75554457305651e-12,9.378342034452568e-16,0.385447048608053,0.9999999999952445
245.0,2.3331137681220896e-25,9.314262827165752e-14,9.647349749878276e-30,2.063750184514394e-14,0.5945979752322397,4.875123374834167e-12,9.916771758632121e-16,0.405402024767728,0.999999999995125
246.0,2.4473649138519563e-25,1.1368868406738496e-13,1.2508376543162984e-29,1.9862430584850533e-14,0.5744840158329974,4.9965488337626145e-12,1.0481024771557702e-15,0.42551598416696057,0.9999999999950036
247.0,2.565979243362604e-25,1.3808533209896875e-13,1.618331614955876e-29,1.9121220389317946e-14,0.5542787450825976,5.11982479661456e-12,1.1072073410142848e-15,0.4457212549173483,0.9999999999948801
248.0,2.689067999074516e-25,1.6690370232855406e-13,2.089387471646538e-29,1.8412194049038317e-14,0.5340500073908149,5.2449547485963295e-12,1.169091499681191e-15,0.46594999260911585,0.999999999994755
249.0,2.8167432498486244e-25,2.007721041377518e-13,2.691946447784349e-29,1.773376683498356e-14,0.5138649183389169,5.371941814757213e-12,1.2338572073490742e-15,0.4861350816609936,0.9999999999946281
250.0,2.9491178364147293e-25,2.403779950260365e-13,3.461152189738408e-29,1.708444089904832e-14,0.49378899912938107,5.500788761544139e-12,1.3016092626240862e-15,0.5062110008705059,0.9999999999944993
251.0,3.086305315722694e-25,2.8646975015691334e-13,4.441120334173392e-29,1.6462800042882663e-14,0.4738853695858603,5.631497998496584e-12,1.3724550300314485e-15,0.5261146304139963,0.9999999999943685
252.0,3.2284199042743745e-25,3.398582771607356e-13,5.687121337125652e-29,1.5867504828998446e-14,0.45421401935807715,5.764071580078834e-12,1.4465044605417429e-15,0.5457859806417418,0.9999999999942359
253.0,3.375576420495895e-25,4.0141853262638323e-13,7.268268013259348e-29,1.5297288010019992e-14,0.4348311731418212,5.898511207643034e-12,1.523870111097624e-15,0.5651688268579506,0.9999999999941016
254.0,3.5278902262100544e-25,4.720910055992518e-13,9.270818336670725e-29,1.4750950253766692e-14,0.41578876140030474,6.034818231521585e-12,1.6046671631214615e-15,0.5842112385994085,0.9999999999939653
255.0,3.685477167270257e-25,5.528832387436137e-13,1.1802226907789295e-28,1.4227356143533254e-14,0.39713400354955664,6.172993653242118e-12,1.6890134399854542e-15,0.6028659964500843,0.9999999999938269
256.0,3.848453513416383e-25,6.448714595217829e-13,1.4996105782528733e-28,1.372543043446864e-14,0.37890910611773193,6.313038127862825e-12,1.7770294234266064e-15,0.6210908938818198,0.9999999999936869
257.0,4.016935897415399e-25,7.492023919773823e-13,1.9018287895254484e-28,1.3244154548379855e-14,0.3611510742431776,6.4549519664234465e-12,1.8688382688900724e-15,0.6388489257562644,0.999999999993545
258.0,4.1910412535480685e-25,8.670953149140486e-13,2.4074225027386094e-28,1.2782563290586936e-14,0.3438916312289927,6.5987351385064815e-12,1.9645658197851307e-15,0.6561083687703152,0.9999999999934012
259.0,4.370886755504917e-25,9.998444250406983e-13,3.0417998276177255e-28,1.2339741773663451e-14,0.3271572378572984,6.744387274907353e-12,2.0643406206393053e-15,0.6728427621418452,0.9999999999932556
260.0,4.55658975375382e-25,1.148821554717949e-12,3.8363273541571997e-28,1.1914822534003379e-14,0.3109692008604617,6.891907670406468e-12,2.168293929137014e-15,0.6890307991384818,0.9999999999931081
261.0,4.748267712441665e-25,1.3154792840256087e-12,4.829659915916662e-28,1.1506982828179636e-14,0.2953438583699161,7.0412952866414584e-12,2.2765597270298662e-15,0.7046561416287839,0.9999999999929587
262.0,4.946038145893471e-25,1.5013544766755008e-12,6.069351918903207e-28,1.111544209700252e-14,0.28029282928896904,7.192548755075119e-12,2.3892747299073757e-15,0.7197071707094358,0.9999999999928074
263.0,5.150018554770958e-25,1.7080722594306315e-12,7.613806602257012e-28,1.0739459586057614e-14,0.2658233132992659,7.345666380053708e-12,2.5065783958171444e-15,0.7341766866987819,0.9999999999926544
264.0,5.360326361953338e-25,1.9373504556494476e-12,9.534630220570333e-28,1.037833211230732e-14,0.25193842852026493,7.500646141954148e-12,2.6286129327249526e-15,0.7480615714773516,0.9999999999924993
265.0,5.577078848201918e-25,2.191004475706034e-12,1.191947063687298e-27,1.0031391967080995e-14,0.23863757459084373,7.657485700414788e-12,2.7555233048062077e-15,0.7613624254062539,0.9999999999923425
266.0,5.800393087671488e-25,2.4709526605581483e-12,1.48754344983562e-27,9.698004946469101e-15,0.22591681002087247,7.816182397646586e-12,2.8874572375610408e-15,0.7740831899756013,0.9999999999921838
267.0,6.0303858833280445e-25,2.779222069732863e-12,1.8533194388804715e-27,9.377568500765179e-15,0.21376923396021458,7.976733261820161e-12,3.02456522174651e-15,0.7862307660355113,0.9999999999920233
268.0,6.267173702334827e-25,3.1179547014579486e-12,2.3051917520772543e-27,9.069509995193058e-15,0.20218536395528275,8.13913501052668e-12,3.167000516119944e-15,0.797814636039548,0.999999999991861
269.0,6.510872611466675e-25,3.4894141304839774e-12,2.8625171115619048e-27,8.773285074694349e-15,0.19115350272404116,8.30338405430787e-12,3.314919148989242e-15,0.8088464972697207,0.9999999999916966
270.0,6.761598212611877e-25,3.895992548160832e-12,3.548798715826981e-27,8.488376126056023e-15,0.18066008841089573,8.469476500252044e-12,3.4684799185661068e-15,0.8193399115815918,0.9999999999915306
271.0,7.01946557841975e-25,4.3402181893606346e-12,4.392530132155342e-27,8.214290831122855e-15,0.1706900241307121,8.637408155651372e-12,3.62784439211938e-15,0.8293099758602595,0.9999999999913626
272.0,7.284589188153258e-25,4.824763131673409e-12,5.428201823611517e-27,7.950560805270503e-15,0.16122698383932493,8.807174531721036e-12,3.7931769039271196e-15,0.8387730161498462,0.9999999999911928
273.0,7.5570828638018085e-25,5.3524514537360585e-12,6.697499873972365e-27,7.696740315713121e-15,0.1522536926536499,8.978770847370621e-12,3.964644552026197e-15,0.8477463073333871,0.9999999999910212
274.0,7.837059706512016e-25,5.926267741409773e-12,8.250731519076818e-27,7.452405074591567e-15,0.14375218067675435,9.152192033031192e-12,4.1424171937597975e-15,0.8562478193077565,0.9999999999908478
275.0,8.124632033389829e-25,6.549365932615449e-12,1.0148517941791003e-26,7.217151102129298e-15,0.13570401016016628,9.32743273452928e-12,4.326667440123584e-15,0.8642959898213599,0.9999999999906726
276.0,8.41991131472943e-25,7.225078493852281e-12,1.2463801558777068e-26,6.9905936554629115e-15,0.12809047646334062,9.504487317008858e-12,4.517570648912857e-15,0.8719095235146648,0.9999999999904955
277.0,8.723008111720681e-25,7.956925923624873e-12,1.528422285518955e-26,6.7723662190489816e-15,0.12089278375881547,9.683349868895274e-12,4.715304916673243e-15,0.8791072162150431,0.9999999999903166
278.0,9.034032014686907e-25,8.74862658012948e-12,1.8714930861086354e-26,6.562119552823204e-15,0.1140921967955529,9.864014205899017e-12,4.920051069458669e-15,0.8859078031734289,0.9999999999901359
279.0,9.353091581904776e-25,9.604106832514074e-12,2.288190178370537e-26,6.359520794543486e-15,0.10767017028753711,1.0046473875058644e-11,5.131992652401508e-15,0.8923298296757181,0.9999999999899536
280.0,9.68029427905292e-25,1.0527511536812093e-11,2.7935852308482304e-26,6.164252612982721e-15,0.10160845765649354,1.0230722158815099e-11,5.351315918099946e-15,0.8983915423000467,0.9999999999897692
281.0,1.0015746419340163e-24,1.1523214839216994e-11,3.405684787981214e-26,5.9760124088605175e-15,0.09588920094215253,1.0416752079120441e-11,5.5782098138291975e-15,0.904110799006525,0.9999999999895832
282.0,1.0359553104357216e-24,1.2595831310713753e-11,4.14597221193633e-26,5.794511560603806e-15,0.09049500371584551,1.0604556401572103e-11,5.812865967583475e-15,0.9095049962236382,0.9999999999893955
283.0,1.0711818165699133e-24,1.3750227418216992e-11,5.04004417162533e-26,5.619474712219446e-15,0.08540898880678281,1.0794127639576025e-11,6.055478672956711e-15,0.9145910111219648,0.9999999999892059
284.0,1.1072644107401212e-24,1.49915333382887e-11,6.118357194563133e-26,5.450639100736743e-15,0.08061484258709899,1.0985458058532067e-11,6.306244872870716e-15,0.9193851573291282,0.9999999999890146
285.0,1.1442132049230812e-24,1.632515512023737e-11,7.417102179554852e-26,5.2877539208432395e-15,0.07609684747180401,1.117853968003897e-11,6.565364142160192e-15,0.9239031524298404,0.9999999999888215
286.0,1.1820381670876361e-24,1.7756787205961257e-11,8.97922749053302e-26,5.130579724490229e-15,0.07183990418181752,1.1373364286119979e-11,6.833038669024844e-15,0.9281600957028635,0.9999999999886267
287.0,1.2207491157072708e-24,1.9292425314294812e-11,1.0855634358904878e-25,4.978887853387215e-15,0.06782954519933428,1.1569923423462719e-11,7.109473235359402e-15,0.9321704546656387,0.9999999999884301
288.0,1.2603557143701431e-24,2.09383796978882e-11,1.310657186361517e-25,4.832459902437134e-15,0.0640519407204521,1.1768208407672233e-11,7.394875195973446e-15,0.9359480591216511,0.9999999999882317
289.0,1.3008674664900717e-24,2.2701288780796676e-11,1.5803262790784234e-25,4.6910872122878804e-15,0.060493898284833,1.1968210327537283e-11,7.689454456713016e-15,0.9395061015307635,0.9999999999880318
290.0,1.3422937101222528e-24,2.458813318500759e-11,1.9029796260829973e-25,4.554570389292371e-15,0.05714285713939385,1.2169920049302712e-11,7.993423451497122e-15,0.9428571426455163,0.9999999999878302
291.0,1.3846436128868337e-24,2.6606250154110756e-11,2.288532822028852e-25,4.422718851275145e-15,0.05398687827514767,1.2373328220951194e-11,8.306997118282871e-15,0.9460131214742773,0.9999999999876268
292.0,1.4279261670035234e-24,2.8763348382209416e-11,2.748663680593389e-25,4.295350397605055e-15,0.05101463096499652,1.2578425276487204e-11,8.630392873973223e-15,0.9489853687434404,0.9999999999874216
293.0,1.4721501844404632e-24,3.106752325602884e-11,3.2971086286978156e-25,4.172290802167602e-15,0.04821537652665674,1.278520144022577e-11,8.96383058828251e-15,0.9517846231344879,0.9999999999872148
294.0,1.5173242921800084e-24,3.352727251797933e-11,3.9500060873478054e-25,4.0533734279168795e-15,0.04557894993950239,1.2993646731079568e-11,9.307532556574742e-15,0.9544210496671347,0.9999999999870064
295.0,1.5634569276043115e-24,3.615151235770495e-11,4.726293825274838e-25,3.93843886176963e-15,0.04309573985726937,1.320375096684644e-11,9.661723471690925e-15,0.9569042596866114,0.9999999999867963
296.0,1.6105563340030327e-24,3.894959393939087e-11,5.648168239935265e-25,3.827334568679209e-15,0.04075666748015067,1.3415503768491238e-11,1.0026630394781993e-14,0.9592433319915518,0.9999999999865845
297.0,1.6586305562060144e-24,4.193132037183885e-11,6.741614612998067e-25,3.719914563800378e-15,0.03855316467965267,1.3628894564425945e-11,1.0402482725163883e-14,0.9614468347091204,0.9999999999863711
298.0,1.7076874363426838e-24,4.510696412801157e-11,8.0370186187986995e-25,3.616039101719616e-15,0.03647715170717487,1.3843912594778378e-11,1.078951216921302e-14,0.9635228475864128,0.9999999999861562
